#nbPoints:52
0.0 0.0
50.0 0.0
100.0 0.0
150.0 0.0
250.0 0.0
300.0 0.0
350.0 0.0
400.0 0.0
450.0 0.0
500.0 0.0
550.0 0.0
600.0 0.0
640.0 0.0
640.0 50.0
640.0 100.0
640.0 150.0
640.0 300.0
640.0 350.0
640.0 400.0
640.0 450.0
640.0 480.0
600.0 480.0
550.0 480.0
500.0 480.0
450.0 480.0
400.0 480.0
400.0 430.0
400.0 380.0
400.0 230.0
400.0 280.0
400.0 230.0
400.0 190.0
390.0 180.0
350.0 180.0
300.0 180.0
250.0 180.0
240.0 190.0
240.0 240.0
240.0 290.0
240.0 340.0
240.0 440.0
240.0 480.0
200.0 480.0
100.0 480.0
50.0 480.0
0.0 480.0
0.0 430.0
0.0 380.0
0.0 330.0
0.0 280.0
0.0 180.0
0.0 80.0
70.0 60.0
120.0 60.0
170.0 60.0
220.0 60.0
270.0 60.0
320.0 60.0
370.0 60.0
420.0 60.0
470.0 60.0
520.0 60.0
570.0 60.0
580.0 70.0
580.0 120.0
580.0 170.0
580.0 220.0
580.0 270.0
580.0 320.0
580.0 370.0
580.0 410.0
570.0 420.0
520.0 420.0
470.0 420.0
460.0 410.0
460.0 360.0
460.0 310.0
460.0 260.0
460.0 210.0
460.0 160.0
460.0 120.0
410.0 120.0
360.0 120.0
310.0 120.0
260.0 120.0
210.0 120.0
180.0 120.0
180.0 170.0
180.0 220.0
180.0 270.0
180.0 320.0
180.0 370.0
180.0 410.0
170.0 420.0
120.0 420.0
70.0 420.0
60.0 410.0
60.0 360.0
60.0 310.0
60.0 260.0
60.0 210.0
60.0 160.0
60.0 110.0
60.0 70.0





































fin
