#nbPoints:22
75.000000 55.000000
150.000000 55.000000
250.000000 55.000000
350.000000 55.000000
450.000000 70.000000
500.000000 115.000000
565.000000 100.000000
595.000000 130.000000
595.000000 200.000000
595.000000 300.000000
595.000000 400.000000
565.000000 425.000000
500.000000 425.000000
450.000000 425.000000
350.000000 425.000000
250.000000 425.000000
150.000000 425.000000
75.000000 425.000000
55.000000 400.00000
55.000000 300.00000
55.000000 200.00000
55.000000 100.00000
0.000000 0.00000
150.000000 0.00000
250.000000 0.00000
350.000000 20.00000
450.000000 30.00000
550.000000 40.00000
640.000000 0.00000
640.000000 120.00000
640.000000 240.00000
640.000000 360.00000
640.000000 480.00000
550.000000 480.00000
500.000000 480.00000
450.000000 480.00000
350.000000 480.00000
250.000000 480.00000
150.000000 480.00000
50.000000 480.00000
0.000000 480.00000
0.000000 360.00000
0.000000 240.00000
0.000000 12.00000
