#nbPoints:29
180.0 0.0
280.0 0.0
330.0 0.0
430.0 0.0
480.0 0.0
520.0 0.0
580.0 60.0
640.0 120.0
640.0 220.0
640.0 270.0
640.0 320.0
640.0 370.0
640.0 410.0
630.0 420.0
560.0 420.0
480.0 420.0
424.0 420.0
370.0 450.0
320.0 480.0
240.0 480.0
180.0 480.0
120.0 480.0
60.0 420.0
0.0 360.0
0.0 310.0
0.0 260.0
0.0 180.0
60.0 120.0
120.0 60.0
205.0 60.0
255.0 60.0
305.0 60.0
355.0 60.0
405.0 60.0
455.0 60.0
495.0 60.0
525.0 85.0
550.0 115.0
580.0 145.0
580.0 155.0
580.0 205.0
580.0 255.0
580.0 355.0
580.0 350.0
570.0 360.0
520.0 360.0
470.0 360.0
408.0 360.0
350.0 390.0
304.0 420.0
250.0 420.0
200.0 420.0
145.0 420.0
100.0 380.0
60.0 335.0
60.0 280.0
60.0 205.0
132.0 132.0